Tool 1 :C:\Program Files (x86)\Northern Digital Inc\8700449.rom
Tool 2 :C:\Program Files (x86)\Northern Digital Inc\8700339.rom
YCB Object No.:746485
Frame No: TimeStamp--Tool 1, 2: Tx,Ty, Tz, Q0, Qx, Qy, Qz, *** Tx,Ty, Tz, Q0, Qx, Qy, Qz
Measurement Completed for 12/12/2017 at 7:50 PM.

Frame 7342, 2017-12-12-19-50-09.801111, Tool  1, -150.955627, 3.205669, -1905.039673, 0.574081, 0.328224, -0.214806, 0.718720, Tool 2, 0.000000, 0.000000, 0.000000,  0.000000, 0.000000, 0.000000, 0.000000
Frame 7345, 2017-12-12-19-50-09.876115, Tool  1, -150.467911, 5.872330, -1909.176636, 0.576785, 0.323449, -0.217416, 0.717935, Tool 2, 0.000000, 0.000000, 0.000000,  0.000000, 0.000000, 0.000000, 0.000000
Frame 7351, 2017-12-12-19-50-09.958119, Tool  1, -149.580963, 10.819706, -1915.914917, 0.581244, 0.317468, -0.219636, 0.716331, Tool 2, 0.000000, 0.000000, 0.000000,  0.000000, 0.000000, 0.000000, 0.000000
Frame 7357, 2017-12-12-19-50-10.043124, Tool  1, -147.475494, 16.579575, -1921.618652, 0.582145, 0.312023, -0.223585, 0.716771, Tool 2, 0.000000, 0.000000, 0.000000,  0.000000, 0.000000, 0.000000, 0.000000
Frame 7360, 2017-12-12-19-50-10.127129, Tool  1, -146.345917, 19.173838, -1923.813721, 0.582742, 0.309202, -0.226141, 0.716706, Tool 2, 0.000000, 0.000000, 0.000000,  0.000000, 0.000000, 0.000000, 0.000000
Frame 7366, 2017-12-12-19-50-10.209134, Tool  1, -145.195023, 23.923622, -1926.357056, 0.585519, 0.308022, -0.231989, 0.713072, Tool 2, 0.000000, 0.000000, 0.000000,  0.000000, 0.000000, 0.000000, 0.000000
Frame 7372, 2017-12-12-19-50-10.293138, Tool  1, -142.765549, 27.923973, -1927.809814, 0.588042, 0.305000, -0.239989, 0.709639, Tool 2, 0.000000, 0.000000, 0.000000,  0.000000, 0.000000, 0.000000, 0.000000
Frame 7375, 2017-12-12-19-50-10.377143, Tool  1, -141.219437, 29.159176, -1929.248413, 0.586782, 0.302698, -0.242158, 0.710930, Tool 2, 0.000000, 0.000000, 0.000000,  0.000000, 0.000000, 0.000000, 0.000000
Frame 7381, 2017-12-12-19-50-10.459148, Tool  1, -139.116333, 31.335886, -1928.600586, 0.584904, 0.303091, -0.250697, 0.709348, Tool 2, 0.000000, 0.000000, 0.000000,  0.000000, 0.000000, 0.000000, 0.000000
Frame 7387, 2017-12-12-19-50-10.543153, Tool  1, -142.606735, 29.352615, -1930.955566, 0.584629, 0.299061, -0.255824, 0.709456, Tool 2, 0.000000, 0.000000, 0.000000,  0.000000, 0.000000, 0.000000, 0.000000
Frame 7390, 2017-12-12-19-50-10.627158, Tool  1, -148.176132, 27.891909, -1933.041748, 0.583132, 0.299220, -0.252817, 0.711694, Tool 2, 0.000000, 0.000000, 0.000000,  0.000000, 0.000000, 0.000000, 0.000000
Frame 7396, 2017-12-12-19-50-10.709162, Tool  1, -163.896851, 25.792778, -1934.965698, 0.575451, 0.306387, -0.244101, 0.717913, Tool 2, 0.000000, 0.000000, 0.000000,  0.000000, 0.000000, 0.000000, 0.000000
Frame 7402, 2017-12-12-19-50-10.792167, Tool  1, -179.927811, 24.281425, -1936.795288, 0.564795, 0.310620, -0.239069, 0.726201, Tool 2, 0.000000, 0.000000, 0.000000,  0.000000, 0.000000, 0.000000, 0.000000
Frame 7405, 2017-12-12-19-50-10.877172, Tool  1, -186.109909, 23.529959, -1938.760254, 0.560782, 0.309360, -0.236497, 0.730677, Tool 2, 0.000000, 0.000000, 0.000000,  0.000000, 0.000000, 0.000000, 0.000000
Frame 7411, 2017-12-12-19-50-10.959177, Tool  1, -192.383926, 22.055891, -1943.926147, 0.555799, 0.299989, -0.233174, 0.739408, Tool 2, 0.000000, 0.000000, 0.000000,  0.000000, 0.000000, 0.000000, 0.000000
Frame 7417, 2017-12-12-19-50-11.042181, Tool  1, -191.335861, 21.440525, -1944.355469, 0.555635, 0.297311, -0.236377, 0.739596, Tool 2, 0.000000, 0.000000, 0.000000,  0.000000, 0.000000, 0.000000, 0.000000
Frame 7420, 2017-12-12-19-50-11.127186, Tool  1, -189.751755, 21.005562, -1943.407104, 0.557440, 0.298897, -0.237681, 0.737177, Tool 2, 0.000000, 0.000000, 0.000000,  0.000000, 0.000000, 0.000000, 0.000000
Frame 7426, 2017-12-12-19-50-11.209191, Tool  1, -186.725662, 19.479858, -1942.737061, 0.558364, 0.300532, -0.237374, 0.735910, Tool 2, 0.000000, 0.000000, 0.000000,  0.000000, 0.000000, 0.000000, 0.000000
Frame 7432, 2017-12-12-19-50-11.292196, Tool  1, -183.894577, 18.526096, -1941.395996, 0.555879, 0.304303, -0.239184, 0.735656, Tool 2, 0.000000, 0.000000, 0.000000,  0.000000, 0.000000, 0.000000, 0.000000
Frame 7435, 2017-12-12-19-50-11.378201, Tool  1, -182.890228, 18.818325, -1940.797485, 0.554083, 0.305740, -0.240258, 0.736065, Tool 2, 0.000000, 0.000000, 0.000000,  0.000000, 0.000000, 0.000000, 0.000000
Frame 7441, 2017-12-12-19-50-11.459205, Tool  1, -181.476212, 20.288559, -1941.224243, 0.551889, 0.307056, -0.239784, 0.737319, Tool 2, 0.000000, 0.000000, 0.000000,  0.000000, 0.000000, 0.000000, 0.000000
Frame 7447, 2017-12-12-19-50-11.542210, Tool  1, -179.140121, 22.155312, -1943.162720, 0.553274, 0.304587, -0.238501, 0.737721, Tool 2, 0.000000, 0.000000, 0.000000,  0.000000, 0.000000, 0.000000, 0.000000
Frame 7450, 2017-12-12-19-50-11.627215, Tool  1, -176.968475, 23.387245, -1943.964478, 0.555042, 0.302941, -0.237532, 0.737384, Tool 2, 0.000000, 0.000000, 0.000000,  0.000000, 0.000000, 0.000000, 0.000000
Frame 7456, 2017-12-12-19-50-11.709219, Tool  1, -171.921722, 25.707064, -1945.224243, 0.558182, 0.300072, -0.239002, 0.735709, Tool 2, 0.000000, 0.000000, 0.000000,  0.000000, 0.000000, 0.000000, 0.000000
Frame 7462, 2017-12-12-19-50-11.793224, Tool  1, -169.698273, 26.867493, -1946.204590, 0.559479, 0.298936, -0.237813, 0.735572, Tool 2, 0.000000, 0.000000, 0.000000,  0.000000, 0.000000, 0.000000, 0.000000
Frame 7465, 2017-12-12-19-50-11.877229, Tool  1, -169.150909, 26.992794, -1946.273560, 0.559503, 0.298571, -0.235970, 0.736296, Tool 2, 0.000000, 0.000000, 0.000000,  0.000000, 0.000000, 0.000000, 0.000000
Frame 7471, 2017-12-12-19-50-11.959234, Tool  1, -168.034042, 27.842318, -1944.855469, 0.560314, 0.301795, -0.234306, 0.734895, Tool 2, 0.000000, 0.000000, 0.000000,  0.000000, 0.000000, 0.000000, 0.000000
Frame 7477, 2017-12-12-19-50-12.043239, Tool  1, -168.023315, 28.228006, -1943.490845, 0.560349, 0.303841, -0.233556, 0.734263, Tool 2, 0.000000, 0.000000, 0.000000,  0.000000, 0.000000, 0.000000, 0.000000
Frame 7480, 2017-12-12-19-50-12.128243, Tool  1, -168.448959, 28.060446, -1942.817383, 0.559661, 0.304012, -0.234016, 0.734570, Tool 2, 0.000000, 0.000000, 0.000000,  0.000000, 0.000000, 0.000000, 0.000000
Frame 7486, 2017-12-12-19-50-12.208248, Tool  1, -168.814865, 27.813948, -1941.375610, 0.559722, 0.304599, -0.233987, 0.734290, Tool 2, 0.000000, 0.000000, 0.000000,  0.000000, 0.000000, 0.000000, 0.000000
Frame 7492, 2017-12-12-19-50-12.292253, Tool  1, -167.176514, 28.561258, -1939.240601, 0.559210, 0.305572, -0.236918, 0.733336, Tool 2, 0.000000, 0.000000, 0.000000,  0.000000, 0.000000, 0.000000, 0.000000
